Function start
000000000000000000000000000000000000006706706706706706706006006006006000000000000000000000000000000000000000000000000000000000000003003003703703703700000000000000000000000000000000000000000000000000000000000000000000000000000000000000000000000000000000000000000000000000000000000000000000000000000000000000000000000000000000000000000000
0000000000000000000000000000000000000067067067067067067060060060060060061206120612061206120612061206806806806806800100100100100100100100120012001200120012011011011011011011201120112011208008008108108108108108108808808808808808808808808808808808308308008008008008008003003003003703703700000000000000000000000000000000000000000000000000000000000000000000
00000000000000000000000000000000000000670670670670670670670600600600600612061206120612061206120612068068068068068001001001001001001001001200120012001200120110110110110110112011201120112080080081081081081081081081208120812081208808808808808808808308308308008008008008008003003003003003703703700000000000000000000000000000000000000000000000000000000000000000
000000000000000000000000000000000000006706706706706706706706006006006006120612061206120612061206120680680680680680010010010010010010010012001200120012001201101101101101101120112011201120800800800810810810810810812081208120812081208808808808808808308308308308008008008008003003003003003003703703700000000000000000000000000000000000000000000000000000000000000
0000000000000000000000000000000000000100100100106706706706006006006006006006006120612061206120612061206806806806806800100100100100100100100120012001200120012011011011011011011201120112011208008008008108108108108108120812081208120880880880880880880830830830830830830800800360360300300300300300300370000000000000000000000000000000000000000000000000000000000
0000000000000000000000000000000000070001001001001001067060060060060060060060060061206120612061206120680680680680680680010010010010010010010012001200120012001201101101101101101120112011201120800800800810810810810812081208120812081208120812081208808808808308308308308308303003003603603603003003003003003703700000000000000000000000000000000000000000000000000000
000000000000000000000000000000000070070001001001001001001060060060060060060060060061061061061061061063063063063063000000000000000000000008008008008010010010011011011011201120112011208008008608608608108108120812081208120812081208120812088088031031031031031031031030030036036036036030030030030030037000000000000000000000000000000000000000000000000000
000000000000000000000000000000712071207120070070070001001001001060060060060060060060060060061061061061061061063063063063063000000000000000000000008008008008010010010010018018011201120112011208008608608608608608008008120812081208120812081208120812031031031031031031031031030030036036036036036030030000370370000000000000000000000000000000000000000000000
00000000000000000000000007707700700700712071207120712070070070070006006006006060060060060060060060060061061061061061063063063063063063000000000000000000000008008008008010010010010018018011201120112011208608608608608608608008008008008003120812081208120812081203103103103103103103103003003003603600000000000000000000000000000000000000000000000000000000
0000000000000000000000007707707700700700700712071207120700700700700060060060060060600600600600600000000000000600600600630630630630630630000000000000000000000080080080080100100100180180180180130112086086086086086086080080080080080031203120312081208120812031031031031031031031031000300300000000000000000000000000000000000000000000000000000000000000
0000000000000000000000770770770770770770700700700700712071207007307300600600600600600600000000000000000000000000006006006006006306306006006000000000000000000000000800800800801001001001801801801801301301308608608608608608008008008008003120312031203120312038038038031031031031031031000000800030030030000000000000000000000000000000000000000000000
00000000000000000000007707707707707707707007007007007120712071207307307300600600600600600000000000000000000000000006006006006006006006006006000000000000000000000000800800801001001001001801801801801301301301301308608608008008008008008003120312031203120312038038038038038031031031031008008008008008003003003003003000000000000000000000000000000000
00000000000000000000077077077077077077077077070070070071207107107307307307300600600600600000000000000000000000000006006006006006006006006006007000700070007000700070007000080080080080100100100180180130130130130130130130130860800800800800800312031203120312031203120312038038038038031038031031008008008008008003003003003000000000000000000000000000
00000000000000000080808077077077077077070070070070070070071071071073073073073073006006006000000000000000000000000000066066060060060060060060060070007000700070007000700070000300300300300300300300301301301301301301301301301308008008008008708708703120312031203120312033038038038038038038038008008008008008008003003003003000000000000000000000000
00000000000000000808080808077077070070070070070070070071071071071071073073073073073073073000000000000000000000000066066066066060060060060060060070007000700070007000700070000300300300300300300300301301301301301301301301301200120080087087087087087031203120312033033033033038038038038038038008008008008008003003003003003000000000000000000000000
0000000000000010101010808080807007007007007007007007007107107107107107107307307307307307300000000000000000000000000006606606606606606606006006006007000700070007000700070007000030030030030030030030030130130130130130130130120012001200120087087087087087087031203303303303303303300100103803800100100100100120012001200120030030012000000000000000000000
000000000101010101010101010808080808070070070070070070070071071071071071071073073073073073000000000000000000000000000000066066066066066066060060060060070007000700070007000700070000300300300300300300301301301301301301301200120012001200120012008708708708708708703303303303303303303300100100100100100100100100120012001200120030012001200120012001200000000
000000001010101010101010101208080808080807007007007007007007007107107107107107007007807807800700700000000000000000000000006606606606606606606606006006007000700070007000700070007000030030030030030160030030130130130130130120012001200120012001200120080087087030030030033033033033033033033001001001001001001001001001001200120012001200120012001200000000000
000000606060606010101010101201201208080808070070070070070070000700700700700700700700700780780780070070070070070070070070000000660660660660660660660660600600700070007000700070007000700003003003016016016016003010010013012001200120012001200120012001200120080080080030030030030033033033033033001001001001001001001001001001001200120012001200120012000000000000
00000060606060606010101010120120120120808080800000000000007007007007007007007007007807807800700700700700700700700700120012003003003003003003000000000006006006006006000000000000000016016016016016010010010010010012001200120012001200120012008008008008003003003003003003303303303300100100100100100100100100012001200120012001200120012000000000000000000000000000
00000060606060601010101010120120120120120808030300000000000760760760700700700700700780780780780000000000000000000012001200120030030030030030030000000000060060060060060000000000000000000160160160100100100100100100100120012001200120012001200800800800800300300300300000330330330330010010010010010000000001200120012000000000000000000000000000000000000000000
00707070707060606060000000000012012012012012030303030300000000076076076076070070070070078078078078078000000000000000001200120012001200300300300300000000000000000600600600600000000000000000000001601001001001001001001001001200120012001200120080080080080080000000000000000000033000000000000001001001001001001000000000000000000000000000000000000000000000
007070707070707070000000000000001201201201203030303030000000760760760760760700700700700780780780780780000000000000000012001200120012003003003000000000000000006006006006006000000000000000000000010010010010010010010010010012301200120012008008008008008008000000000000000000000000000000000000000000100100100100000000000000000000000000000000000000000000
0070707070707070000000000000000012012012030303030303000000076076076076076070070070078078078078078078000000000000000001200120012001200120030030000000000000000000060060060060060000000000000000000000100100100100120012001200123012301230123012308008008008008008000000000000000000000000000000000000000000000000000000000000000000000000000000000000000000000000
00707070707070000000000000000000001201203030303030300000000000000007807800000000000000120012001200120012001200800800000800800000700000600600600600600000000000000001001000001200120012001200120012001230123012301230123012301230128012808008000000000000000000700700000000000000000000000000000000000000000000000000000000000000000000000000000000000000000000000000000
0070707070700000000000000000000000120120303030300000000000000000000000001200120012001200120080080080080080070070070070000000000000000000000000010010010010012001200120012001200120012301230123012301230123012301280128012801280128000000000007007007007000000000000000000000000000000000000000000000000000000000000000000000000000000000000000000000000000000000000000000
000000000000000000000000000000000000000000000000120001200120080080080080080080070070070070070070000000000000000000100100100100100120012001200120012001200123012301230123012301230123012801280128012801280000000070070070070070070070000000000000000000006000000000000000000000000000000000000000000000000000000000000000000000000000000000000000000000000000000000000
0000000000000000000000000000000000000000000000000008008008008008008008007007007007007007000000000000000010010010010010010012001200120012001200120012301230123012301230123012301280128012801280128012800700700700700700700700700000000000000600600600600600600600000000000000000000000000000000000000000000000000000000000000000000000000000000000000000000000000000
0000000000000000000000000000000000000000000000000008008008008008008008007007007007007007000000000000010010010010010010010017012001200120012001200120012301230123012301230123012801280128012801280128012801212012120121200700700700700000000000000000000600600600600600000000000000000000000000000000000000000000000000000000000000000000000000000000000000000000000000000
000000000000000000000000000000000000000000000000000800800800800800800800700700700700700700000000000001001001001001001001701701701200120012001200120012001230123012301230123012801280128012801280128012801212012120121201212012120121200700000000000000000000600600600600000000000000000000000000000000000000000000000000000000000000000000000000000000000000000000000000000000
000000000000000000000000000000000000000000000000000800800800800800800800700700700700700700000000001001001001001701701701701701701701270127012701270127012701230123012301230128012801280128012801280121201212012120121201212012120121200700600600600600600600600600600000000000000000000000000000000000000000000000000000000000000000000000000000000000000000000000000000000000
00000000000000000000000000000000000000000000000000000000000000000010010010010017017017017017017017012701270127012701270127012301230123012801280128012801280128012801212012120121201212012120121201212012120060060060060060060060060060000000000000000000000000000000000000000000000000000000000000000000000000000000000000000000000000000000000000000000000000000000000000000000
00000000000000000000000000000000000000000000000000000000000000000001001001001701701701701701701701701270127012701270127012701230123012301200120012001200120012001212012120121201212001212012120121200600600000000000000000000000000000000000000000000000000000000000000000000000000000000000000000000000000000000000000000000000000000000000000000000000000000000000000000000
0000000000000000000000000000000000000000000000000000000000000000000010017017017017017017017017017012701270127012701270127012301230123012001200120012001200120012001212012120121200121201212012120000000000000000000000000000000000000000000000000000000000000000000000000000000000000000000000000000000000000000000000000000000000000000000000000000000000000000000000000000
0000000000000000000000000000000000000000000000000000000000000000000001701701701701701701701701270127012701270127012701270127012301200120012001200120012001200120012120121201212001212000000000000000000000000000000000000000000000000000000000000000000000000000000000000000000000000000000000000000000000000000000000000000000000000000000000000000000000000000000000000
000000000000000000000000000000000000000000000000000000000000000000000017017017017017017017012701270127012701270127012701270120012001200120012001200120012001200120012120121201212000000000000000000000000000000000000000000000000000000000000000000000000000000000000000000000000000000000000000000000000000000000000000000000000000000000000000000000000000000000000000
000000000000000000000000000000000000000000000000000000000000000000000001701701701701701701270127012701270127012701270127012701200120012001200120012001200120012000000000000000000000000000000000000000000000000000000000000000000000000000000000000000000000000000000000000000000000000000000000000000000000000000000000000000000000000000000000000000000000000000
000000000000000000000000000000000000000000000000000000000000000000000000170170170170126012601260126012601270127012701270127012001200120012001200120012001200000000000000000000000000000000000000000000000000000000000000000000000000000000000000000000000000000000000000000000000000000000000000000000000000000000000000000000000000000000000000000000000000000000
000000000000000000000000000000000000000000000000000000000000000000000000017017012601260126012601260126012601260126012601260120012001200121012101210120000000000000000000000000000000000000000000000000000000000000000000000000000000000000000000000000000000000000000000000000000000000000000000000000000000000000000000000000000000000000000000000000000000000000
0000000000000000000000000000000000000000000000000000000000000000000000000012601260126012601260126012601260126012601260126012001200120012101210121012100000000000000000000000000000000000000000000000000000000000000000000000000000000000000000000000000000000000000000000000000000000000000000000000000000000000000000000000000000000000000000000000000000000000000
00000000000000000000000000000000000000000000000000000000000000000000000000012601260126012601260126012601260126012601260120012001200120012101210000000000000000000000000000000000000000000000000000000000000000000000000000000000000000000000000000000000000000000000000000000000000000000000000000000000000000000000000000000000000000000000000000000000000000000
000000000000000000000000000000000000000000000000000000000000000000000000000012601260126012601260126012601260120012001200120012001200121000000000000000000000000000000000000000000000000000000000000000000000000000000000000000000000000000000000000000000000000000000000000000000000000000000000000000000000000000000000000000000000000000000000000000000000000
00000000000000000000000000000000000000000000000000000000000000000000000000000126012601260126012001200120012001200120012001200120012100000000000000000000000000000000000000000000000000000000000000000000000000000000000000000000000000000000000000000000000000000000000000000000000000000000000000000000000000000000000000000000000000000000000000000000000000
000000000000000000000000000000000000000000000000000000000000000000000000000000126012601260120012001200120012001200120012001200000000000000000000000000000000000000000000000000000000000000000000000000000000000000000000000000000000000000000000000000000000000000000000000000000000000000000000000000000000000000000000000000000000000000000000000000000000
00000000000000000000000000000000000000000000000000000000000000000000000000000001260120012001200120012001200120012001200120000000000000000000000000000000000000000000000000000000000000000000000000000000000000000000000000000000000000000000000000000000000000000000000000000000000000000000000000000000000000000000000000000000000000000000000000000000000
000000000000000000000000000000000000000000000000000000000000000000000000000000001200120012001200120012001200120012000000000000000000000000000000000000000000000000000000000000000000000000000000000000000000000000000000000000000000000000000000000000000000000000000000000000000000000000000000000000000000000000000000000000000000000000000000000000000
00000000000000000000000000000000000000000000000000000000000000000000000000000000012001200000000000000000000000000000000000000000000000000000000000000000000000000000000000000000000000000000000000000000000000000000000000000000000000000000000000000000000000000000000000000000000000000000000000000000000000000000000000000000000000000000000000
